29
82
130
169
197
212
213
200
175
137
91
38
-17
-71
-122
-165
-197
-217
-224
-216
-195
-163
-120
-69
-15
40
92
139
176
201
214
212
196
167
128
80
27
-28
-83
-132
-172
-202
-220
-223
-214
-190
-155
-110
-58
-3
51
103
148
182
205
214
209
191
160
118
70
16
-40
-93
-141
-180
-207
-222
-223
-210
-184
-146
-99
-47
8
62
112
156
188
208
215
207
186
153
109
59
4
-51
-103
-149
-186
-211
-223
-221
-205
-176
-137
-89
-36
20
73
122
163
193
210
214
204
180
144
99
47
-7
-62
-113
-158
-192
-215
-223
-219
-200
-169
-128
-78
-24
31
84
131
170
198
212
213
200
173
136
89
36
-18
-73
-123
-166
-198
-217
-224
-216
-195
-161
-118
-67
-13
42
94
140
177
202
213
211
195
166
127
78
25
-30
-84
-133
-173
-203
-220
-223
-212
-188
-153
-108
-57
-2
53
104
149
183
206
214
209
190
159
117
68
14
-41
-94
-142
-181
-208
-222
-222
-208
-182
-145
-98
-45
10
64
114
157
189
209
215
206
185
151
108
57
2
-52
-105
-151
-187
-212
-223
-221
-204
-175
-135
-87
-34
21
75
124
164
194
211
214
203
179
143
98
46
-9
-64
-115
-159
-193
-215
-224
-218
-199
-168
-126
-77
-23
33
86
134
172
199
213
212
199
172
134
87
34
-21
-75
-125
-167
-199
-218
-224
-215
-194
-160
-116
-66
-12
43
96
142
178
202
214
211
194
165
125
76
23
-32
-86
-135
-174
-204
-220
-223
-212
-188
-152
-106
-55
0
55
106
150
184
206
214
209
189
158
115
66
12
-43
-96
-144
-182
-209
-222
-222
-208
-181
-143
-96
-43
12
65
115
158
190
209
214
206
184
150
106
55
0
-55
-106
-152
-188
-212
-223
-220
-203
-174
-134
-86
-32
23
76
125
165
195
211
213
202
178
142
96
44
-11
-66
-117
-160
-194
-216
-224
-218
-199
-167
-125
-75
-21
35
87
135
173
199
213
212
198
171
133
86
33
-22
-77
-127
-168
-200
-218
-223
-215
-193
-159
-115
-64
-9
46
98
143
179
203
214
210
194
164
124
75
21
-34
-87
-136
-176
-205
-221
-223
-212
-187
-151
-105
-53
2
57
108
152
185
207
214
208
189
156
113
64
10
-46
-98
-145
-182
-209
-222
-221
-207
-180
-142
-94
-41
14
68
118
159
191
209
214
205
183
149
104
53
-1
-56
-108
-154
-189
-213
-223
-220
-203
-173
-133
-84
-30
25
78
127
167
196
211
214
202
176
140
94
42
-13
-68
-118
-162
-195
-216
-223
-217
-197
-165
-123
-73
-19
36
89
136
174
200
213
212
198
170
131
84
31
-24
-78
-128
-170
-201
-219
-224
-214
-192
-157
-113
-62
-8
47
99
145
180
205
214
210
193
163
121
73
19
-36
-89
-137
-177
-205
-221
-223
-210
-186
-149
-103
-51
4
58
109
153
186
207
215
208
188
155
112
62
8
-47
-99
-146
-184
-210
-223
-221
-206
-179
-140
-93
-40
16
69
119
161
192
210
214
205
182
147
102
51
-4
-58
-110
-155
-190
-213
-223
-219
-202
-172
-131
-82
-28
27
80
129
168
197
212
213
201
176
139
92
40
-15
-69
-119
-163
-196
-217
-224
-217
-197
-164
-121
-71
-17
38
91
137
175
201
213
212
197
169
130
82
29
-26
-80
-130
-171
-201
-219
-223
-214
-191
-156
-111
-60
-5
49
101
146
181
204
214
210
192
162
120
71
17
-38
-91
-139
-178
-206
-221
-223
-210
-185
-148
-101
-49
6
60
111
154
187
208
214
208
187
154
111
60
6
-49
-101
-148
-185
-210
-223
-221
-206
-178
-139
-91
-38
17
71
121
162
192
210
214
204
181
146
101
49
-5
-60
-112
-156
-192
-214
-223
-218
-201
-170
-130
-80
-27
29
82
130
169
197
212
213
201
174
137
91
39
-17
-71
-122
-165
-197
-217
-224
-216
-195
-163
-119
-70
-15
40
93
139
177
202
214
212
196
168
128
80
27
-28
-82
-131
-172
-202
-219
-223
-213
-190
-154
-109
-58
-4
51
102
147
183
205
214
210
191
160
119
70
16
-39
-92
-140
-179
-207
-221
-222
-209
-183
-146
-99
-47
8
62
113
156
189
208
214
207
186
153
109
58
5
-51
-103
-149
-186
-211
-223
-221
-205
-177
-137
-89
-36
19
73
122
163
193
210
214
204
180
144
99
48
-7
-62
-113
-158
-192
-214
-223
-219
-200
-169
-128
-78
-25
31
84
132
171
198
212
213
200
173
136
89
36
-18
-73
-123
-166
-198
-218
-224
-216
-195
-162
-118
-68
-13
42
94
140
177
202
214
211
195
166
126
78
25
-30
-84
-133
-173
-203
-220
-223
-213
-189
-153
-108
-57
-1
53
104
149
183
205
214
209
190
159
117
67
14
-42
-94
-142
-181
-208
-222
-222
-209
-183
-145
-98
-45
10
64
114
157
189
209
214
206
185
151
107
57
2
-53
-105
-151
-187
-212
-222
-220
-205
-175
-136
-87
-34
21
75
124
164
194
211
213
203
179
143
97
46
-9
-64
-115
-159
-193
-215
-224
-218
-199
-168
-126
-77
-23
32
85
133
172
199
213
213
199
172
134
87
34
-20
-74
-124
-167
-199
-218
-224
-215
-194
-160
-117
-66
-11
44
96
142
178
203
214
211
194
165
125
77
23
-32
-85
-134
-175
-204
-220
-223
-212
-188
-152
-106
-55
0
55
106
150
184
206
214
209
190
158
115
66
12
-43
-96
-144
-182
-208
-222
-221
-208
-181
-143
-96
-43
12
66
116
158
190
209
214
206
184
150
105
55
0
-55
-106
-152
-188
-212
-223
-220
-204
-174
-134
-86
-32
23
76
125
166
195
211
214
202
178
142
96
44
-11
-66
-117
-161
-194
-215
-224
-218
-198
-167
-124
-75
-21
34
87
135
172
199
213
212
198
171
133
86
33
-23
-77
-126
-168
-200
-219
-224
-215
-193
-159
-115
-64
-10
46
97
143
179
203
214
211
194
164
124
75
21
-34
-87
-136
-176
-205
-221
-223
-211
-186
-150
-105
-52
3
57
108
152
185
207
215
208
189
157
114
64
10
-45
-98
-145
-183
-209
-222
-221
-207
-180
-142
-95
-42
14
68
117
159
191
209
214
205
183
149
104
54
-1
-57
-108
-154
-189
-213
-223
-220
-202
-173
-133
-84
-30
25
78
127
167
196
212
214
201
177
140
94
42
-13
-67
-118
-162
-195
-216
-224
-217
-197
-165
-123
-73
-19
36
89
136
174
200
214
212
197
170
131
84
31
-24
-78
-128
-169
-201
-219
-224
-215
-192
-158
-113
-62
-8
47
99
145
180
204
214
210
193
162
122
73
19
-36
-89
-138
-177
-205
-222
-223
-211
-186
-149
-103
-51
4
59
109
153
186
207
215
208
188
155
112
62
8
-47
-99
-146
-184
-210
-222
-222
-207
-179
-141
-92
-40
15
70
119
161
192
210
215
205
182
147
103
51
-3
-58
-110
-155
-191
-214
-224
-220
-202
-172
-131
-82
-29
27
80
128
168
196
212
213
201
176
138
92
40
-15
-69
-119
-163
-196
-217
-224
-217
-196
-164
-121
-71
-17
38
91
138
175
201
213
212
197
169
130
82
29
-26
-80
-130
-171
-201
-219
-223
-214
-191
-156
-111
-60
-5
49
100
146
181
205
214
210
192
162
120
71
18
-38
-91
-139
-178
-206
-221
-223
-210
-185
-148
-101
-49
6
61
111
154
187
207
214
208
187
154
111
60
6
-49
-101
-148
-185
-211
-223
-221
-206
-178
-139
-91
-38
17
71
121
162
192
210
214
204
181
146
101
50
-5
-60
-111
-156
-191
-214
-223
-219
-201
-170
-130
-80
-27
29
82
130
169
197
212
213
201
174
137
91
39
-17
-71
-122
-164
-197
-217
-224
-217
-196
-163
-120
-70
-15
40
92
139
176
202
214
212
196
167
129
80
27
-28
-82
-131
-172
-202
-219
-223
-213
-189
-154
-109
-58
-3
51
103
147
182
205
214
209
191
160
119
70
16
-39
-93
-141
-180
-207
-222
-223
-210
-184
-146
-100
-47
8
62
113
156
188
208
215
207
186
153
109
59
4
-51
-103
-149
-186
-211
-223
-221
-205
-176
-137
-89
-36
19
73
122
163
194
210
214
204
180
144
99
47
-7
-62
-113
-158
-192
-215
-224
-219
-200
-169
-128
-79
-25
31
83
131
170
198
213
214
200
174
136
89
37
-19
-73
-122
-166
-198
-217
-224
-216
-195
-162
-118
-67
-13
42
94
140
177
202
213
211
195
166
126
78
25
-30
-83
-133
-173
-203
-220
-223
-213
-189
-153
-108
-56
-2
53
104
149
183
206
215
210
191
159
117
68
13
-42
-95
-142
-180
-207
-222
-222
-209
-182
-145
-98
-45
10
64
114
157
189
209
215
206
185
151
107
57
3
-53
-105
-151
-187
-212
-223
-221
-204
-175
-136
-87
-34
21
74
124
164
194
211
214
203
179
143
97
46
-9
-64
-115
-159
-193
-215
-224
-218
-200
-168
-126
-77
-22
33
86
133
172
199
213
213
199
172
134
87
34
-21
-75
-124
-167
-199
-218
-224
-215
-194
-160
-116
-66
-11
44
96
141
178
203
214
211
195
165
125
77
23
-32
-86
-134
-174
-204
-220
-223
-212
-188
-152
-106
-55
1
55
106
150
184
206
214
208
189
158
116
66
12
-44
-97
-144
-182
-208
-222
-222
-208
-181
-143
-96
-44
11
65
115
158
190
209
214
206
184
150
106
55
0
-55
-106
-152
-188
-212
-223
-220
-204
-174
-134
-86
-32
23
76
125
166
195
211
214
202
178
141
96
44
-11
-66
-117
-161
-195
-216
-224
-218
-198
-167
-125
-75
-21
34
87
134
172
199
213
213
198
171
133
85
32
-23
-76
-126
-168
-200
-219
-224
-215
-193
-159
-115
-64
-9
46
97
143
179
203
214
211
194
164
123
75
21
-34
-88
-136
-176
-205
-221
-223
-212
-187
-151
-105
-53
2
57
108
151
185
207
214
208
189
156
114
64
10
-45
-97
-145
-182
-209
-222
-222
-207
-180
-142
-95
-42
14
68
118
160
191
210
214
205
183
148
104
53
-1
-56
-108
-154
-189
-213
-224
-220
-203
-173
-133
-83
-30
25
78
127
167
196
211
213
201
177
140
94
42
-13
-67
-118
-162
-195
-216
-224
-217
-198
-166
-124
-73
-19
36
89
136
174
200
213
212
198
170
132
83
31
-24
-79
-128
-170
-201
-219
-223
-214
-192
-158
-113
-62
-7
47
99
144
180
204
214
210
193
163
122
73
20
-36
-89
-137
-177
-205
-221
-222
-211
-186
-149
-103
-51
4
59
109
153
186
207
214
208
188
155
112
62
8
-47
-100
-146
-184
-210
-223
-221
-207
-179
-140
-93
-40
15
69
119
160
192
210
215
205
182
147
103
51
-3
-58
-110
-155
-190
-213
-223
-219
-202
-172
-131
-82
-28
27
80
128
168
196
212
213
201
175
138
92
40
-15
-69
-120
-163
-196
-217
-224
-217
-197
-165
-121
-71
-17
38
90
137
175
201
214
212
197
169
131
82
29
-26
-80
-130
-171
-201
-219
-223
-214
-190
-156
-111
-60
-5
50
101
146
181
204
214
210
192
162
120
71
18
-37
-91
-138
-178
-206
-221
-222
-210
-184
-148
-101
-49
6
60
111
154
187
208
214
207
187
154
111
61
6
-49
-101
-148
-184
-210
-223
-221
-206
-178
-138
-91
-38
18
72
121
162
192
210
214
204
181
146
101
49
-4
-60
-111
-156
-191
-214
-223
-219
-201
-170
-129
-80
-26
29
82
130
169
197
213
214
201
175
138
91
38
-17
-71
-121
-164
-197
-217
-224
-217
-196
-163
-119
-69
-15
40
93
139
176
201
213
212
196
167
128
80
27
-28
-82
-131
-172
-202
-219
-223
-213
-190
-155
-110
-58
-3
51
103
147
182
205
214
209
191
160
119
70
16
-40
-92
-140
-179
-207
-222
-222
-209
-183
-147
-100
-48
8
62
112
156
188
208
214
206
186
152
109
59
4
-51
-103
-149
-186
-211
-223
-221
-205
-176
-137
-90
-36
19
73
122
163
193
211
214
203
180
144
99
48
-7
-62
-113
-158
-192
-215
-224
-219
-200
-170
-128
-79
-25
31
84
131
170
198
212
213
200
173
136
89
37
-18
-73
-123
-166
-198
-218
-224
-216
-195
-161
-118
-68
-13
42
94
140
177
202
214
211
196
166
127
79
25
-30
-84
-133
-173
-203
-220
-223
-212
-189
-154
-108
-57
-1
53
104
149
184
205
215
210
190
159
117
68
14
-41
-95
-142
-181
-208
-222
-223
-209
-182
-145
-98
-45
10
64
114
157
189
208
214
206
185
151
107
57
2
-53
-104
-151
-187
-212
-223
-221
-204
-176
-136
-87
-34
21
75
123
164
194
211
214
203
179
143
98
46
-9
-64
-116
-159
-193
-215
-224
-219
-199
-168
-126
-77
-23
32
85
133
171
198
212
213
199
173
134
87
35
-21
-75
-124
-167
-198
-218
-223
-215
-194
-160
-117
-66
-11
44
96
142
178
202
214
211
194
165
125
77
23
-32
-86
-135
-175
-204
-221
-223
-212
-188
-152
-107
-55
0
55
106
150
184
206
214
209
189
158
116
66
12
-43
-96
-144
-182
-208
-222
-221
-208
-181
-143
-96
-43
12
66
116
158
190
209
215
206
184
150
106
55
1
-55
-106
-152
-188
-213
-223
-220
-203
-174
-134
-85
-32
23
77
125
166
195
211
214
203
178
141
96
44
-11
-65
-116
-160
-194
-216
-224
-218
-198
-167
-125
-75
-21
34
87
135
173
199
212
212
198
171
133
85
33
-23
-76
-126
-168
-200
-219
-224
-215
-193
-159
-115
-64
-9
46
97
143
179
203
214
210
194
164
123
75
22
-34
-87
-136
-176
-204
-220
-223
-211
-187
-150
-105
-53
2
57
108
152
185
207
214
208
188
156
113
64
10
-45
-97
-144
-183
-209
-222
-222
-207
-180
-142
-94
-42
13
67
117
159
191
210
215
205
183
149
104
54
-2
-56
-108
-153
-189
-213
-223
-220
-203
-173
-132
-83
-30
25
78
126
166
196
212
214
202
177
140
94
42
-13
-68
-118
-162
-195
-216
-224
-217
-197
-165
-123
-73
-19
36
89
136
174
200
213
213
198
170
131
84
31
-24
-79
-128
-170
-201
-219
-223
-214
-192
-157
-113
-62
-7
48
100
145
180
204
214
210
193
163
122
73
20
-36
-89
-137
-177
-205
-221
-223
-211
-185
-149
-103
-51
4
58
109
153
186
207
215
208
188
155
112
63
8
-47
-99
-146
-184
-210
-223
-221
-207
-179
-140
-92
-40
15
70
119
161
191
210
214
205
182
147
102
52
-3
-58
-110
-155
-190
-213
-223
-219
-202
-172
-131
-82
-29
27
80
128
168
196
212
213
201
175
139
92
40
-15
-69
-120
-163
-196
-217
-223
-217
-196
-164
-121
-71
-17
38
91
137
175
200
213
212
197
169
130
82
29
-26
-80
-130
-171
-202
-219
-223
-214
-190
-156
-111
-60
-6
49
101
146
182
204
214
210
192
161
120
71
18
-38
-91
-139
-178
-206
-222
-223
-210
-185
-148
-101
-49
6
60
111
154
187
207
215
207
187
154
110
61
6
-49
-101
-148
-185
-211
-223
-221
-206
-178
-139
-91
-38
17
71
120
161
192
210
214
204
181
146
101
49
-5
-60
-111
-156
-191
-214
-223
-219
-201
-171
-130
-80
-27
29
82
130
169
197
212
213
201
175
137
91
38
-17
-71
-122
-164
-197
-217
-224
-217
-196
-163
-120
-69
-15
40
92
139
176
202
213
212
196
168
128
80
27
-28
-82
-131
-172
-202
-219
-223
-213
-190
-155
-110
-58
-4
51
103
147
182
205
214
209
191
160
120
70
16
-39
-92
-141
-179
-207
-222
-223
-210
-184
-146
-100
-47
8
62
112
156
188
208
215
207
186
153
109
59
4
-51
-103
-149
-186
-211
-223
-220
-205
-176
-138
-89
-36
19
73
122
163
193
210
214
203
180
144
99
48
-7
-62
-113
-158
-192
-215
-224
-218
-200
-169
-128
-78
-24
31
84
132
170
198
212
213
200
174
136
89
37
-18
-73
-122
-166
-198
-217
-223
-216
-194
-161
-118
-67
-13
42
94
140
177
202
214
211
195
166
127
79
25
-30
-84
-133
-173
-203
-220
-223
-213
-189
-153
-108
-57
-2
53
104
149
184
206
215
209
190
159
117
68
14
-41
-94
-142
-180
-208
-222
-222
-209
-182
-144
-98
-46
10
64
114
157
189
209
214
206
185
151
107
57
2
-52
-105
-151
-187
-212
-223
-221
-204
-175
-135
-88
-34
21
74
123
164
194
211
214
203
179
143
97
46
-9
-64
-115
-159
-193
-215
-223
-218
-199
-168
-126
-76
-23
33
85
133
171
198
212
212
199
172
134
87
35
-20
-74
-124
-167
-199
-218
-224
-215
-194
-160
-117
-66
-11
44
96
142
178
203
214
211
195
165
125
77
23
-32
-85
-134
-174
-204
-221
-223
-212
-188
-152
-107
-55
0
55
106
150
184
206
214
209
190
158
116
66
12
-43
-96
-143
-182
-209
-222
-222
-208
-181
-143
-96
-43
11
66
115
158
190
209
214
206
184
150
106
55
1
-55
-106
-152
-188
-213
-223
-220
-204
-175
-135
-86
-32
23
77
126
166
195
211
213
202
178
142
96
44
-11
-66
-117
-161
-194
-216
-224
-218
-198
-167
-125
-75
-21
34
87
134
173
199
213
212
198
171
133
85
33
-22
-77
-126
-168
-200
-218
-223
-215
-193
-159
-115
-64
-9
45
98
143
179
204
214
211
194
164
123
75
21
-34
-87
-136
-176
-204
-221
-223
-211
-187
-150
-105
-53
2
56
107
152
185
206
215
208
188
157
114
64
11
-45
-97
-145
-183
-209
-222
-222
-208
-180
-142
-94
-42
13
67
117
159
191
209
214
205
183
148
104
53
-1
-57
-108
-154
-189
-213
-223
-220
-203
-173
-133
-84
-30
25
78
127
167
196
211
214
202
177
140
94
42
-13
-67
-118
-161
-195
-216
-223
-217
-198
-165
-123
-73
-19
37
89
136
174
200
213
212
198
170
132
84
31
-24
-78
-128
-169
-200
-219
-224
-214
-192
-158
-113
-62
-8
47
99
144
180
204
214
211
193
163
122
73
20
-36
-89
-137
-177
-206
-221
-222
-211
-186
-149
-103
-51
4
59
109
153
186
207
214
208
188
155
112
63
8
-47
-100
-147
-184
-210
-223
-222
-207
-179
-140
-93
-40
16
69
119
161
192
210
214
205
182
148
103
51
-3
-58
-110
-155
-190
-213
-223
-219
-201
-172
-131
-82
-28
27
80
128
168
196
212
213
201
175
139
93
41
-14
-69
-119
-163
-196
-216
-224
-217
-197
-164
-121
-72
-17
38
91
138
175
201
214
212
197
169
130
82
29
-26
-80
-129
-171
-201
-219
-223
-214
-191
-156
-111
-60
-6
49
100
146
181
204
214
210
192
162
120
71
18
-37
-91
-139
-178
-206
-221
-222
-210
-184
-147
-101
-49
6
60
111
154
187
208
215
207
187
154
111
61
6
-48
-101
-147
-185
-210
-223
-221
-206
-178
-139
-91
-38
17
71
120
162
192
210
214
204
181
146
101
50
-5
-60
-111
-157
-191
-214
-224
-219
-201
-171
-130
-80
-27
28
82
130
169
198
212
214
201
174
137
91
38
-17
-71
-121
-164
-197
-217
-223
-216
-196
-163
-119
-69
-15
40
92
139
176
201
213
211
196
167
128
80
27
-28
-82
-131
-172
-202
-220
-223
-214
-190
-155
-110
-59
-4
51
102
147
182
205
215
210
192
161
119
70
15
-39
-93
-140
-179
-207
-221
-222
-209
-183
-146
-99
-47
8
62
112
155
188
208
214
207
186
153
109
59
4
-51
-103
-149
-186
-211
-223
-221
-205
-177
-138
-90
-36
19
73
122
163
193
210
214
204
180
145
99
48
-7
-62
-113
-158
-192
-215
-223
-218
-200
-170
-128
-79
-25
31
84
132
170
198
212
213
199
173
136
89
37
-18
-73
-123
-166
-198
-217
-223
-216
-194
-162
-118
-68
-14
42
93
141
177
202
214
211
196
166
127
79
25
-30
-84
-133
-173
-203
-220
-223
-213
-189
-154
-108
-57
-2
53
104
149
183
206
214
209
190
159
117
68
14
-41
-94
-142
-181
-208
-222
-222
-209
-182
-145
-98
-46
9
64
114
157
189
208
214
206
185
152
108
57
3
-52
-104
-151
-187
-212
-223
-220
-204
-175
-136
-88
-34
21
75
123
164
194
211
214
203
179
143
98
46
-9
-64
-115
-159
-194
-216
-224
-218
-199
-168
-126
-77
-23
32
85
133
171
199
213
213
199
172
134
87
35
-20
-74
-124
-167
-199
-218
-224
-215
-194
-160
-116
-66
-11
44
96
141
178
202
214
211
195
165
125
77
23
-32
-86
-134
-174
-204
-220
-223
-212
-188
-152
-106
-54
1
55
106
150
184
206
215
208
190
158
116
66
12
-43
-96
-143
-181
-208
-222
-222
-208
-181
-143
-96
-43
12
66
116
158
190
209
214
206
184
150
106
55
0
-55
-106
-152
-188
-212
-222
-220
-203
-174
-134
-86
-32
23
76
125
166
195
211
214
202
178
142
96
44
-11
-66
-116
-160
-194
-216
-224
-218
-199
-167
-125
-75
-21
34
87
134
172
199
212
212
198
171
133
85
33
-22
-77
-126
-169
-200
-219
-224
-215
-193
-159
-115
-64
-10
45
97
143
179
203
214
211
194
164
123
75
21
-34
-87
-136
-175
-205
-220
-223
-211
-187
-151
-105
-53
2
56
107
151
185
206
214
208
188
157
114
64
10
-45
-98
-145
-183
-209
-223
-222
-207
-180
-142
-95
-42
13
67
117
159
191
209
214
205
183
149
104
54
-1
-56
-108
-154
-189
-213
-223
-220
-203
-173
-132
-84
-30
25
78
126
166
196
212
213
202
177
140
94
42
-13
-67
-118
-162
-196
-217
-224
-218
-198
-165
-123
-73
-19
36
88
136
174
200
213
213
198
170
131
83
31
-24
-78
-128
-169
-201
-219
-223
-214
-192
-157
-113
-62
-7
47
99
145
180
203
214
210
193
163
122
73
20
-35
-89
-137
-177
-206
-221
-223
-211
-186
-149
-103
-51
4
58
109
153
186
208
214
208
188
156
112
63
8
-47
-99
-146
-183
-209
-222
-221
-206
-179
-140
-92
-40
15
70
119
161
191
210
214
204
182
147
103
52
-3
-58
-110
-155
-190
-213
-223
-219
-202
-172
-131
-82
-28
27
80
128
168
196
212
213
201
176
139
93
40
-15
-69
-119
-163
-196
-216
-224
-217
-197
-164
-122
-71
-17
38
91
137
175
201
213
212
197
169
130
82
29
-26
-80
-129
-171
-201
-219
-224
-214
-191
-156
-111
-60
-6
49
101
146
181
204
214
210
193
162
121
72
18
-37
-90
-138
-178
-206
-221
-222
-210
-185
-148
-102
-49
6
61
111
154
187
207
214
207
187
154
111
61
6
-49
-101
-148
-185
-210
-223
-221
-205
-178
-138
-91
-38
17
71
120
162
193
210
214
204
181
146
101
50
-5
-60
-111
-156
-191
-214
-223
-219
-201
-170
-130
-81
-27
28
81
130
169
197
212
213
201
175
137
91
38
-17
-71
-121
-165
-197
-217
-224
-216
-196
-163
-120
-70
-16
39
92
139
176
202
213
212
196
167
128
80
27
-28
-82
-131
-171
-202
-220
-223
-213
-190
-155
-110
-58
-4
51
102
147
182
205
214
210
191
161
119
69
16
-39
-92
-140
-179
-207
-222
-223
-210
-183
-146
-100
-47
8
62
112
155
188
208
214
207
186
153
110
59
4
-51
-103
-149
-186
-211
-223
-221
-205
-177
-137
-89
-36
19
73
122
163
194
211
214
204
180
145
99
48
-7
-62
-113
-158
-192
-215
-224
-219
-200
-169
-128
-78
-25
30
83
131
170
197
212
213
200
173
136
89
37
-18
-73
-123
-165
-198
-218
-224
-216
-195
-162
-118
-68
-13
42
94
140
177
202
213
211
195
166
127
79
25
-30
-84
-133
-173
-203
-220
-223
-213
-189
-154
-108
-57
-2
53
104
149
183
205
214
209
190
159
117
68
14
-41
-95
-142
-180
-207
-222
-222
-209
-182
-145
-98
-46
9
64
114
157
189
208
214
206
185
151
108
57
3
-52
-105
-151
-187
-212
-223
-220
-205
-175
-136
-88
-34
21
75
124
165
194
211
214
203
179
143
98
46
-9
-63
-115
-159
-193
-215
-224
-218
-199
-168
-126
-77
-23
32
85
133
171
198
212
213
199
172
135
87
34
-20
-74
-124
-167
-198
-218
-224
-215
-194
-161
-117
-66
-11
44
96
142
178
203
214
211
195
165
125
77
23
-32
-86
-134
-174
-204
-220
-223
-212
-187
-151
-106
-55
1
55
106
150
184
206
214
208
189
158
116
66
12
-43
-96
-143
-182
-208
-222
-222
-208
-181
-143
-96
-44
11
65
116
158
190
209
215
207
185
150
106
55
1
-54
-106
-152
-188
-212
-223
-220
-204
-174
-134
-86
-32
23
76
125
165
195
211
214
202
178
142
96
44
-11
-65
-116
-160
-194
-215
-224
-217
-198
-167
-125
-75
-21
34
87
134
172
199
213
213
199
171
133
85
33
-22
-76
-126
-168
-199
-218
-223
-215
-193
-159
-115
-64
-9
45
97
143
179
203
214
211
194
164
124
75
22
-34
-87
-136
-176
-204
-221
-223
-211
-187
-151
-105
-53
2
56
107
152
185
206
214
208
188
157
114
64
10
-45
-98
-145
-183
-209
-222
-222
-208
-180
-142
-95
-42
13
67
117
159
190
209
214
205
183
148
104
53
-1
-56
-108
-154
-190
-213
-223
-220
-203
-173
-133
-84
-31
24
78
126
166
195
211
213
202
177
140
94
42
-12
-67
-118
-162
-195
-216
-224
-218
-197
-166
-123
-73
-19
36
89
136
174
200
213
212
198
170
131
84
31
-24
-78
-128
-170
-201
-219
-223
-214
-192
-158
-113
-62
-8
47
99
144
180
203
214
210
193
163
122
74
20
-35
-89
-137
-177
-205
-221
-223
-211
-186
-149
-103
-51
4
58
109
153
186
207
214
208
187
156
113
63
8
-47
-99
-146
-183
-210
-223
-221
-207
-179
-140
-93
-40
15
69
119
161
191
210
214
205
182
147
103
52
-3
-58
-109
-154
-190
-213
-223
-220
-202
-172
-131
-82
-29
26
80
128
168
196
212
213
201
176
139
93
40
-15
-69
-119
-163
-196
-217
-224
-217
-197
-164
-121
-71
-17
38
91
137
175
201
214
212
197
169
130
82
29
-26
-80
-129
-171
-201
-219
-223
-214
-191
-156
-112
-61
-6
49
100
146
181
205
214
210
192
161
120
71
18
-38
-91
-138
-178
-206
-221
-222
-210
-185
-148
-101
-49
6
60
111
154
188
208
214
207
187
154
111
61
6
-49
-101
-148
-185
-210
-222
-221
-205
-178
-139
-91
-38
17
71
120
162
192
210
214
204
181
146
101
50
-5
-60
-112
-156
-191
-214
-223
-219
-201
-170
-130
-80
-27
28
82
130
169
197
212
213
201
175
137
91
38
-17
-71
-121
-164
-196
-217
-224
-216
-196
-163
-119
-70
-15
40
92
139
176
201
213
211
196
168
129
81
28
-28
-82
-131
-172
-202
-219
-223
-213
-190
-155
-110
-59
-4
51
102
147
182
205
214
210
192
161
119
70
16
-39
-92
-140
-179
-207
-222
-222
-209
-183
-146
-100
-48
7
62
112
155
188
208
214
207
186
153
109
59
4
-51
-102
-149
-186
-211
-223
-221
-205
-177
-138
-89
-36
19
73
122
163
194
211
214
204
180
144
99
48
-7
-62
-113
-158
-192
-215
-223
-219
-200
-170
-128
-79
-25
31
83
131
170
198
212
213
199
174
136
89
37
-19
-73
-123
-166
-197
-217
-223
-216
-195
-162
-118
-68
-14
41
94
140
177
202
214
211
196
167
126
79
25
-30
-84
-133
-173
-203
-220
-223
-213
-189
-154
-108
-57
-2
53
104
149
183
205
214
209
190
159
117
68
14
-41
-94
-142
-180
-207
-222
-223
-209
-182
-145
-98
-46
10
64
114
157
189
208
214
206
185
152
108
57
3
-52
-104
-151
-187
-212
-223
-221
-205
-175
-136
-87
-34
21
75
124
164
194
211
214
203
179
143
98
46
-9
-63
-114
-159
-193
-214
-223
-218
-199
-168
-127
-77
-23
32
86
133
171
199
213
213
199
173
135
88
35
-20
-74
-124
-167
-198
-218
-223
-215
-194
-160
-116
-66
-11
44
96
142
178
202
214
211
194
165
125
77
24
-32
-85
-134
-174
-204
-220
-223
-212
-188
-152
-107
-55
0
54
106
150
184
206
214
209
190
158
116
66
12
-43
-96
-143
-182
-208
-222
-222
-208
-182
-143
-96
-44
11
65
115
158
190
209
215
206
184
150
106
55
1
-54
-106
-152
-188
-212
-223
-221
-204
-174
-134
-86
-32
23
76
125
165
195
211
214
203
178
142
96
44
-11
-65
-116
-160
-194
-215
-224
-218
-199
-167
-125
-75
-21
34
87
134
172
199
213
213
199
171
133
86
33
-22
-76
-126
-169
-200
-218
-224
-215
-193
-159
-115
-63
-9
45
97
143
179
204
214
211
194
164
124
75
22
-34
-87
-136
-176
-204
-221
-223
-211
-187
-151
-104
-53
2
56
107
151
185
207
215
209
189
157
114
64
10
-45
-98
-145
-183
-209
-223
-222
-208
-180
-142
-94
-42
14
67
117
159
191
209
214
205
183
149
104
54
-1
-56
-108
-153
-189
-213
-223
-220
-202
-173
-133
-84
-31
25
78
127
166
195
211
213
202
177
141
94
42
-13
-67
-118
-162
-195
-216
-224
-217
-198
-165
-124
-73
-19
36
89
136
174
200
213
212
197
170
132
84
31
-24
-78
-128
-169
-200
-218
-223
-214
-192
-158
-113
-63
-8
47
99
144
180
204
214
210
193
163
122
73
20
-35
-89
-137
-177
-206
-221
-223
-211
-186
-149
-103
-51
4
58
109
153
186
207
215
208
188
155
113
63
9
-47
-99
-146
-184
-209
-222
-221
-207
-179
-140
-93
-40
15
69
119
160
192
210
214
205
182
147
102
51
-3
-58
-109
-155
-190
-213
-223
-220
-202
-172
-131
-82
-29
26
80
128
168
197
212
214
201
176
139
93
40
-14
-69
-120
-163
-196
-217
-224
-217
-197
-164
-122
-71
-17
38
91
137
175
201
214
212
197
169
130
82
29
-26
-80
-129
-171
-201
-219
-224
-214
-191
-157
-112
-61
-6
49
100
146
181
205
214
210
193
162
120
72
18
-38
-91
-139
-178
-206
-221
-223
-210
-185
-148
-101
-49
6
60
110
154
187
207
214
207
187
154
111
61
7
-49
-101
-148
-185
-210
-222
-221
-206
-178
-139
-91
-38
17
71
120
161
192
210
214
205
182
146
101
50
-5
-60
-111
-156
-191
-214
-223
-219
-201
-171
-130
-81
-27
28
82
130
169
197
212
213
200
174
137
91
38
-17
-71
-121
-164
-197
-217
-224
-216
-196
-163
-120
-70
-16
40
92
138
176
201
213
212
196
168
129
81
27
-28
-82
-131
-172
-202
-220
-223
-213
-190
-155
-110
-59
-4
51
102
147
182
205
214
209
191
160
119
70
15
-39
-92
-140
-180
-207
-222
-222
-209
-183
-146
-100
